WIN PMAD 64 0 0 7.81 11.72 13.03 194.00
WIN PMAD 64 1 640000 7.81 11.72 13.03 200.50
WIN PMAD 64 2 1280000 6.53 10.44 11.72 15.62
WIN PMAD 64 3 1920000 7.81 10.44 11.72 187.50
WIN PMAD 64 4 2560000 7.81 10.44 11.72 13.03
WIN PMAD 64 5 3200000 6.53 10.44 13.03 479.19
WIN PMAD 64 6 3840000 7.81 10.44 13.03 204.41
WIN PMAD 64 7 4480000 6.53 10.44 11.72 194.00
WIN PMAD 64 8 5120000 7.81 10.44 13.00 178.41
WIN PMAD 64 9 5760000 7.81 11.72 13.00 14.34
WIN PMAD 64 10 6400000 7.81 11.72 13.03 204.41
WIN PMAD 64 11 7040000 7.81 11.72 13.00 14.34
WIN PMAD 64 12 7680000 7.81 11.72 13.00 192.69
WIN PMAD 64 13 8320000 7.81 11.72 13.03 14.34
WIN PMAD 64 14 8960000 7.81 11.72 13.03 186.19
WIN PMAD 64 15 9600000 7.81 11.72 13.03 420.56
WIN PMAD 64 16 10240000 7.81 14.34 19.53 291.69
WIN PMAD 64 17 10880000 7.81 13.03 15.62 477.88
WIN PMAD 64 18 11520000 7.81 11.72 13.03 16.94
WIN PMAD 64 19 12160000 7.81 11.72 13.03 294.28
WIN PMAD 64 20 12800000 7.81 11.72 13.03 72.91
WIN PMAD 64 21 13440000 7.81 11.72 13.00 183.59
WIN PMAD 64 22 14080000 7.81 11.72 13.00 63.78
WIN PMAD 64 23 14720000 7.81 11.72 13.00 24.72
WIN PMAD 64 24 15360000 7.81 11.72 13.03 15.62
WIN PMAD 64 25 16000000 9.09 16.91 49.47 135.41
WIN PMAD 64 26 16640000 7.81 11.72 14.34 667.97
WIN PMAD 64 27 17280000 7.81 11.72 13.03 417.97
WIN PMAD 64 28 17920000 6.53 11.72 13.03 223.97
WIN PMAD 64 29 18560000 6.53 10.44 11.72 14.31
WIN PMAD 64 30 19200000 6.53 10.44 11.72 208.34
WIN PMAD 64 31 19840000 6.53 10.44 11.72 210.94
WIN PMAD 64 32 20480000 6.53 10.44 11.72 125.00
WIN PMAD 64 33 21120000 6.53 10.44 13.03 192.72
WIN PMAD 64 34 21760000 6.53 10.44 11.72 13.03
WIN PMAD 64 35 22400000 6.53 11.72 13.03 394.53
WIN PMAD 64 36 23040000 6.53 10.44 13.03 210.94
WIN PMAD 64 37 23680000 6.53 10.44 11.72 537.75
WIN PMAD 64 38 24320000 6.53 10.44 11.72 223.97
WIN PMAD 64 39 24960000 6.53 10.44 11.72 190.09
WIN PMAD 64 40 25600000 7.81 10.44 11.72 128.91
WIN PMAD 64 41 26240000 7.81 13.03 16.94 356.78
WIN PMAD 64 42 26880000 7.81 13.03 15.62 362.00
WIN PMAD 64 43 27520000 7.81 11.72 13.03 15.62
WIN PMAD 64 44 28160000 7.81 10.44 11.72 89.84
WIN PMAD 64 45 28800000 7.81 10.44 11.72 14.31
WIN PMAD 64 46 29440000 7.81 11.72 13.03 332.03
WIN PMAD 64 47 30080000 7.81 11.72 14.31 375.00
WIN PMAD 64 48 30720000 7.81 11.72 13.03 15.62
WIN PMAD 64 49 31360000 7.81 10.44 11.72 15.62
WIN PMAD 64 50 32000000 6.53 10.44 13.03 731.75
WIN PMAD 64 51 32640000 6.53 10.44 11.72 195.31
WIN PMAD 64 52 33280000 6.53 10.44 13.00 223.97
WIN PMAD 64 53 33920000 6.53 10.44 11.72 329.41
WIN PMAD 64 54 34560000 7.81 10.44 11.72 638.03
WIN PMAD 64 55 35200000 6.53 10.44 13.00 18.25
WIN PMAD 64 56 35840000 7.81 13.00 15.62 1136.72
WIN PMAD 64 57 36480000 7.81 11.72 13.03 57.28
WIN PMAD 64 58 37120000 7.81 11.72 13.03 303.38
WIN PMAD 64 59 37760000 9.09 15.62 18.22 309.88
WIN PMAD 64 60 38400000 7.81 11.72 14.34 707.03
WIN PMAD 64 61 39040000 7.81 13.00 15.62 282.53
WIN PMAD 64 62 39680000 7.81 13.03 16.91 311.19
WIN PMAD 64 63 40320000 7.81 14.34 18.22 770.84
WIN PMAD 64 64 40960000 7.81 13.03 14.34 514.34
WIN PMAD 64 65 41600000 7.81 11.72 14.31 692.72
WIN PMAD 64 66 42240000 7.81 13.03 15.62 296.88
WIN PMAD 64 67 42880000 6.53 11.72 14.31 460.94
WIN PMAD 64 68 43520000 6.53 10.44 13.03 177.06
WIN PMAD 64 69 44160000 7.81 10.44 11.72 264.34
WIN PMAD 64 70 44800000 6.53 10.44 11.72 44.28
WIN PMAD 64 71 45440000 6.53 10.44 13.00 368.50
WIN PMAD 64 72 46080000 6.53 10.44 11.72 27.34
WIN PMAD 64 73 46720000 7.81 11.72 13.03 225.28
WIN PMAD 64 74 47360000 7.81 11.72 13.03 419.28
WIN PMAD 64 75 48000000 7.81 10.44 13.00 14.31
WIN PMAD 64 76 48640000 7.81 11.72 13.03 15.62
WIN PMAD 64 77 49280000 7.81 10.44 11.72 317.69
WIN PMAD 64 78 49920000 6.53 10.44 11.72 174.47
WIN PMAD 64 79 50560000 6.53 10.44 13.00 476.56
WIN PMAD 64 80 51200000 6.53 10.44 11.72 158.88
WIN PMAD 64 81 51840000 7.81 10.44 11.72 110.69
WIN PMAD 64 82 52480000 7.81 10.44 13.00 190.09
WIN PMAD 64 83 53120000 6.53 10.44 11.72 49.47
WIN PMAD 64 84 53760000 7.81 11.72 13.03 121.09
WIN PMAD 64 85 54400000 7.81 11.72 14.31 234.38
WIN PMAD 64 86 55040000 7.81 11.72 15.62 638.03
WIN PMAD 64 87 55680000 7.81 11.72 15.62 548.16
WIN PMAD 64 88 56320000 6.53 11.72 14.31 666.69
WIN PMAD 64 89 56960000 6.53 10.44 13.00 243.47
WIN PMAD 64 90 57600000 6.53 10.44 11.72 420.59
WIN PMAD 64 91 58240000 6.53 10.44 13.00 225.25
WIN PMAD 64 92 58880000 6.53 10.44 11.72 13.03
WIN PMAD 64 93 59520000 6.53 10.44 11.72 670.56
WIN PMAD 64 94 60160000 6.53 10.44 11.72 194.00
WIN PMAD 64 95 60800000 6.53 10.44 11.72 239.59
WIN PMAD 64 96 61440000 6.53 10.44 11.72 223.97
WIN PMAD 64 97 62080000 7.81 10.44 13.00 196.62
WIN PMAD 64 98 62720000 6.53 10.44 11.72 613.28
WIN PMAD 64 99 63360000 7.81 10.44 11.72 58.59
WIN system 64 0 0 39.06 66.41 204.44 645.84
WIN system 64 1 640000 36.47 48.19 121.09 673.19
WIN system 64 2 1280000 33.84 41.69 58.59 725.28
WIN system 64 3 1920000 32.56 37.75 44.28 238.28
WIN system 64 4 2560000 32.56 41.69 56.00 14753.91
WIN system 64 5 3200000 32.56 37.75 44.28 389.31
WIN system 64 6 3840000 32.56 37.78 204.44 842.47
WIN system 64 7 4480000 33.84 44.28 71.59 691.41
WIN system 64 8 5120000 33.88 46.88 54.69 359.38
WIN system 64 9 5760000 35.16 48.19 65.12 381.50
WIN system 64 10 6400000 33.84 46.88 56.00 433.59
WIN system 64 11 7040000 33.84 41.66 49.47 492.19
WIN system 64 12 7680000 40.34 71.59 80.72 822.91
WIN system 64 13 8320000 33.84 41.66 46.88 634.12
WIN system 64 14 8960000 32.56 39.06 44.25 389.31
WIN system 64 15 9600000 32.56 37.75 41.66 677.09
WIN system 64 16 10240000 32.56 37.75 41.66 220.06
WIN system 64 17 10880000 32.56 41.66 45.56 382.81
WIN system 64 18 11520000 32.56 37.75 39.06 208.34
WIN system 64 19 12160000 32.53 36.47 39.06 658.84
WIN system 64 20 12800000 32.56 40.38 48.19 677.09
WIN system 64 21 13440000 32.56 41.66 48.19 446.62
WIN system 64 22 14080000 32.53 37.75 40.38 247.41
WIN system 64 23 14720000 31.25 36.47 46.88 488.28
WIN system 64 24 15360000 32.53 36.47 42.97 692.69
WIN system 64 25 16000000 32.53 36.47 44.28 675.78
WIN system 64 26 16640000 33.84 45.59 58.59 1098.94
WIN system 64 27 17280000 32.56 37.75 42.97 420.59
WIN system 64 28 17920000 32.56 44.25 50.78 365.88
WIN system 64 29 18560000 33.84 42.97 54.69 1003.91
WIN system 64 30 19200000 33.84 49.47 57.31 402.34
WIN system 64 31 19840000 35.16 50.78 88.56 411.44
WIN system 64 32 20480000 32.56 45.59 52.09 660.16
WIN system 64 33 21120000 32.56 37.78 42.97 511.72
WIN system 64 34 21760000 32.56 36.47 41.66 555.97
WIN system 64 35 22400000 32.53 37.75 49.47 696.62
WIN system 64 36 23040000 32.56 37.75 42.97 544.28
WIN system 64 37 23680000 33.84 42.97 57.28 1272.12
WIN system 64 38 24320000 32.53 37.75 41.66 372.41
WIN system 64 39 24960000 32.53 37.75 44.28 653.66
WIN system 64 40 25600000 32.53 36.47 45.56 697.94
WIN system 64 41 26240000 32.53 36.47 40.34 225.25
WIN system 64 42 26880000 32.56 41.66 50.78 673.19
WIN system 64 43 27520000 32.56 39.06 57.28 816.41
WIN system 64 44 28160000 32.56 37.75 46.88 652.34
WIN system 64 45 28800000 32.53 37.75 42.97 433.59
WIN system 64 46 29440000 32.53 36.47 42.97 674.50
WIN system 64 47 30080000 32.53 36.47 45.56 523.44
WIN system 64 48 30720000 33.84 54.69 62.50 657.56
WIN system 64 49 31360000 54.69 274.75 856.78 28773.44
WIN system 64 50 32000000 39.06 136.72 225.25 1001.31
WIN system 64 51 32640000 35.16 49.50 152.34 743.47
WIN system 64 52 33280000 49.47 119.81 191.41 1252.59
WIN system 64 53 33920000 36.44 82.03 203.12 291.69
WIN system 64 54 34560000 35.16 52.06 143.25 308.59
WIN system 64 55 35200000 32.56 37.78 41.69 145.84
WIN system 64 56 35840000 33.88 49.50 62.50 641.91
WIN system 64 57 36480000 33.84 41.69 46.88 287.75
WIN system 64 58 37120000 32.56 37.78 42.97 548.19
WIN system 64 59 37760000 33.84 44.28 50.78 441.41
WIN system 64 60 38400000 33.84 42.97 52.09 536.44
WIN system 64 61 39040000 32.56 44.28 52.09 1114.56
WIN system 64 62 39680000 36.44 52.09 58.59 395.84
WIN system 64 63 40320000 32.56 39.06 42.97 126.31
WIN system 64 64 40960000 32.56 37.78 44.25 520.84
WIN system 64 65 41600000 32.56 37.75 41.69 257.81
WIN system 64 66 42240000 32.56 36.47 40.38 255.22
WIN system 64 67 42880000 33.84 46.88 53.38 360.66
WIN system 64 68 43520000 35.16 45.59 50.78 112.00
WIN system 64 69 44160000 33.84 41.69 53.38 453.12
WIN system 64 70 44800000 33.84 46.88 57.28 315.09
WIN system 64 71 45440000 35.16 48.19 56.00 558.59
WIN system 64 72 46080000 36.47 61.19 92.44 1819.00
WIN system 64 73 46720000 37.75 52.09 61.22 618.50
WIN system 64 74 47360000 33.84 42.97 49.50 531.25
WIN system 64 75 48000000 32.56 39.06 44.28 373.72
WIN system 64 76 48640000 32.56 40.34 46.88 372.41
WIN system 64 77 49280000 32.56 37.78 41.69 276.06
WIN system 64 78 49920000 32.56 37.78 41.66 255.22
WIN system 64 79 50560000 32.56 37.75 41.69 117.19
WIN system 64 80 51200000 32.56 36.47 40.38 187.50
WIN system 64 81 51840000 32.56 37.75 41.66 673.16
WIN system 64 82 52480000 32.56 36.47 40.34 131.53
WIN system 64 83 53120000 33.84 49.47 63.81 746.09
WIN system 64 84 53760000 33.84 44.25 48.19 476.56
WIN system 64 85 54400000 32.56 37.75 42.97 574.22
WIN system 64 86 55040000 32.56 37.75 41.69 416.66
WIN system 64 87 55680000 32.53 36.47 40.38 226.56
WIN system 64 88 56320000 32.53 39.06 45.59 580.72
WIN system 64 89 56960000 33.84 45.59 57.28 684.91
WIN system 64 90 57600000 32.56 37.78 41.66 520.84
WIN system 64 91 58240000 39.06 58.59 72.91 1141.91
WIN system 64 92 58880000 36.47 53.41 71.62 350.25
WIN system 64 93 59520000 39.06 65.12 79.41 480.47
WIN system 64 94 60160000 39.06 57.31 69.00 800.78
WIN system 64 95 60800000 33.88 45.56 50.78 286.47
WIN system 64 96 61440000 35.16 48.19 57.28 316.41
WIN system 64 97 62080000 32.56 39.06 46.88 496.09
WIN system 64 98 62720000 36.47 49.47 56.00 281.25
WIN system 64 99 63360000 37.78 53.41 65.12 723.97
WIN jemalloc 64 0 0 7.81 10.41 11.72 13.03
WIN jemalloc 64 1 640000 7.81 11.72 15.62 269.53
WIN jemalloc 64 2 1280000 7.81 10.44 13.03 346.34
WIN jemalloc 64 3 1920000 7.81 10.41 11.72 164.06
WIN jemalloc 64 4 2560000 7.81 10.44 13.03 766.94
WIN jemalloc 64 5 3200000 7.81 10.44 11.72 273.44
WIN jemalloc 64 6 3840000 7.81 11.72 28.66 889.34
WIN jemalloc 64 7 4480000 9.09 10.44 11.72 50.78
WIN jemalloc 64 8 5120000 7.81 27.34 75.50 3813.81
WIN jemalloc 64 9 5760000 7.81 10.41 13.00 511.72
WIN jemalloc 64 10 6400000 7.81 10.41 11.72 218.75
WIN jemalloc 64 11 7040000 7.81 10.41 11.72 282.56
WIN jemalloc 64 12 7680000 7.81 10.44 11.72 365.91
WIN jemalloc 64 13 8320000 7.81 9.12 11.72 18.22
WIN jemalloc 64 14 8960000 7.81 10.41 11.72 179.69
WIN jemalloc 64 15 9600000 7.81 10.44 13.03 285.16
WIN jemalloc 64 16 10240000 7.81 10.41 13.00 393.22
WIN jemalloc 64 17 10880000 7.81 9.12 11.72 151.06
WIN jemalloc 64 18 11520000 7.81 10.44 11.72 261.72
WIN jemalloc 64 19 12160000 7.81 10.41 11.72 115.91
WIN jemalloc 64 20 12800000 7.81 9.12 10.44 191.41
WIN jemalloc 64 21 13440000 7.81 10.41 11.72 153.62
WIN jemalloc 64 22 14080000 7.81 10.44 13.03 1119.78
WIN jemalloc 64 23 14720000 7.81 10.41 13.00 463.53
WIN jemalloc 64 24 15360000 7.81 10.44 13.00 162.78
WIN jemalloc 64 25 16000000 7.81 10.41 11.72 169.25
WIN jemalloc 64 26 16640000 7.81 10.44 13.00 316.41
WIN jemalloc 64 27 17280000 7.81 10.44 13.03 123.69
WIN jemalloc 64 28 17920000 7.81 10.41 13.03 182.31
WIN jemalloc 64 29 18560000 7.81 10.41 11.72 13.03
WIN jemalloc 64 30 19200000 7.81 10.44 14.31 526.03
WIN jemalloc 64 31 19840000 7.81 10.44 13.03 630.22
WIN jemalloc 64 32 20480000 7.81 9.12 11.72 13.03
WIN jemalloc 64 33 21120000 7.81 10.41 11.72 348.94
WIN jemalloc 64 34 21760000 7.81 10.41 11.72 158.84
WIN jemalloc 64 35 22400000 7.81 10.41 11.72 213.53
WIN jemalloc 64 36 23040000 7.81 10.41 13.03 1039.06
WIN jemalloc 64 37 23680000 7.81 10.44 14.31 1270.84
WIN jemalloc 64 38 24320000 7.81 10.41 11.72 466.16
WIN jemalloc 64 39 24960000 7.81 10.44 13.03 335.94
WIN jemalloc 64 40 25600000 7.81 10.44 13.03 401.06
WIN jemalloc 64 41 26240000 7.81 9.12 11.72 201.81
WIN jemalloc 64 42 26880000 7.81 10.41 13.03 520.81
WIN jemalloc 64 43 27520000 7.81 10.44 13.03 298.19
WIN jemalloc 64 44 28160000 7.81 10.44 13.03 1376.31
WIN jemalloc 64 45 28800000 7.81 10.41 11.72 475.25
WIN jemalloc 64 46 29440000 7.81 10.44 13.03 203.12
WIN jemalloc 64 47 30080000 7.81 10.44 13.03 414.06
WIN jemalloc 64 48 30720000 7.81 10.41 11.72 317.72
WIN jemalloc 64 49 31360000 7.81 10.44 11.72 128.91
WIN jemalloc 64 50 32000000 7.81 10.41 13.03 277.34
WIN jemalloc 64 51 32640000 7.81 10.41 11.72 381.53
WIN jemalloc 64 52 33280000 7.81 10.41 11.72 181.00
WIN jemalloc 64 53 33920000 7.81 10.41 11.72 179.69
WIN jemalloc 64 54 34560000 7.81 9.12 11.72 305.97
WIN jemalloc 64 55 35200000 7.81 10.44 11.72 373.69
WIN jemalloc 64 56 35840000 7.81 10.41 11.72 384.12
WIN jemalloc 64 57 36480000 7.81 10.41 13.00 292.97
WIN jemalloc 64 58 37120000 7.81 9.12 11.72 263.00
WIN jemalloc 64 59 37760000 7.81 10.41 11.72 178.41
WIN jemalloc 64 60 38400000 7.81 10.41 11.72 191.41
WIN jemalloc 64 61 39040000 7.81 9.12 10.44 13.03
WIN jemalloc 64 62 39680000 7.81 10.41 11.72 148.44
WIN jemalloc 64 63 40320000 7.81 10.41 11.72 130.22
WIN jemalloc 64 64 40960000 7.81 9.12 11.72 182.31
WIN jemalloc 64 65 41600000 7.81 10.41 11.72 390.62
WIN jemalloc 64 66 42240000 7.81 9.12 11.72 516.94
WIN jemalloc 64 67 42880000 7.81 9.12 11.72 123.72
WIN jemalloc 64 68 43520000 7.81 10.44 13.03 618.50
WIN jemalloc 64 69 44160000 7.81 10.41 11.72 283.84
WIN jemalloc 64 70 44800000 7.81 9.12 10.44 177.09
WIN jemalloc 64 71 45440000 7.81 10.41 13.00 574.22
WIN jemalloc 64 72 46080000 7.81 10.41 11.72 175.78
WIN jemalloc 64 73 46720000 7.81 9.12 11.72 13.03
WIN jemalloc 64 74 47360000 7.81 9.12 11.72 200.53
WIN jemalloc 64 75 48000000 7.81 9.12 11.72 14.34
WIN jemalloc 64 76 48640000 7.81 10.41 11.72 322.91
WIN jemalloc 64 77 49280000 7.81 10.41 11.72 26.03
WIN jemalloc 64 78 49920000 7.81 10.41 11.72 300.78
WIN jemalloc 64 79 50560000 7.81 10.41 11.72 388.03
WIN jemalloc 64 80 51200000 7.81 9.12 10.44 184.91
WIN jemalloc 64 81 51840000 7.81 10.41 11.72 196.62
WIN jemalloc 64 82 52480000 7.81 10.41 11.72 359.38
WIN jemalloc 64 83 53120000 7.81 9.12 11.72 217.44
WIN jemalloc 64 84 53760000 7.81 10.41 11.72 134.12
WIN jemalloc 64 85 54400000 7.81 9.12 11.72 174.47
WIN jemalloc 64 86 55040000 7.81 9.12 10.44 13.00
WIN jemalloc 64 87 55680000 7.81 10.41 11.72 175.78
WIN jemalloc 64 88 56320000 7.81 10.41 11.72 164.06
WIN jemalloc 64 89 56960000 7.81 10.44 13.03 394.53
WIN jemalloc 64 90 57600000 7.81 10.41 11.72 227.84
WIN jemalloc 64 91 58240000 7.81 10.41 11.72 145.84
WIN jemalloc 64 92 58880000 7.81 9.12 11.72 283.84
WIN jemalloc 64 93 59520000 7.81 10.41 11.72 174.47
WIN jemalloc 64 94 60160000 7.81 10.41 11.72 188.78
WIN jemalloc 64 95 60800000 7.81 9.12 11.72 119.78
WIN jemalloc 64 96 61440000 7.81 10.41 11.72 217.47
WIN jemalloc 64 97 62080000 7.81 10.41 11.72 139.31
WIN jemalloc 64 98 62720000 7.81 10.41 10.44 18.22
WIN jemalloc 64 99 63360000 7.81 10.41 13.03 362.00
WIN tcmalloc 64 0 0 5.22 7.81 7.81 10.41
WIN tcmalloc 64 1 640000 5.22 7.81 9.12 216.12
WIN tcmalloc 64 2 1280000 5.22 7.81 9.09 10.44
WIN tcmalloc 64 3 1920000 5.22 7.81 9.12 264.34
WIN tcmalloc 64 4 2560000 5.22 7.81 9.12 10.44
WIN tcmalloc 64 5 3200000 5.22 9.12 13.00 243.50
WIN tcmalloc 64 6 3840000 5.22 9.12 10.41 13.03
WIN tcmalloc 64 7 4480000 5.22 7.81 10.41 401.06
WIN tcmalloc 64 8 5120000 5.22 7.81 9.12 97.66
WIN tcmalloc 64 9 5760000 5.22 7.81 9.12 235.69
WIN tcmalloc 64 10 6400000 5.22 7.81 9.12 419.25
WIN tcmalloc 64 11 7040000 5.22 7.81 9.12 13.03
WIN tcmalloc 64 12 7680000 5.22 7.81 9.12 182.28
WIN tcmalloc 64 13 8320000 5.22 7.81 9.12 188.78
WIN tcmalloc 64 14 8960000 5.22 7.81 9.09 20.84
WIN tcmalloc 64 15 9600000 5.22 7.81 9.09 11.72
WIN tcmalloc 64 16 10240000 5.22 7.81 9.12 192.72
WIN tcmalloc 64 17 10880000 5.22 7.81 9.12 11.72
WIN tcmalloc 64 18 11520000 5.22 9.12 10.44 292.97
WIN tcmalloc 64 19 12160000 5.22 7.81 9.12 10.44
WIN tcmalloc 64 20 12800000 5.22 7.81 9.12 333.34
WIN tcmalloc 64 21 13440000 5.22 7.81 10.41 421.88
WIN tcmalloc 64 22 14080000 5.22 7.81 9.12 140.62
WIN tcmalloc 64 23 14720000 5.22 7.81 9.09 173.16
WIN tcmalloc 64 24 15360000 5.22 7.81 9.12 10.41
WIN tcmalloc 64 25 16000000 5.22 7.81 7.81 170.56
WIN tcmalloc 64 26 16640000 5.22 7.81 9.12 312.50
WIN tcmalloc 64 27 17280000 5.22 7.81 9.09 10.44
WIN tcmalloc 64 28 17920000 5.22 7.81 9.12 220.06
WIN tcmalloc 64 29 18560000 5.22 7.81 9.12 369.78
WIN tcmalloc 64 30 19200000 5.22 7.81 7.81 56.00
WIN tcmalloc 64 31 19840000 5.22 7.81 9.12 171.88
WIN tcmalloc 64 32 20480000 5.22 7.81 9.09 182.28
WIN tcmalloc 64 33 21120000 5.22 7.81 9.12 200.53
WIN tcmalloc 64 34 21760000 5.22 9.12 11.72 166.66
WIN tcmalloc 64 35 22400000 5.22 7.81 10.41 231.78
WIN tcmalloc 64 36 23040000 5.22 7.81 10.41 325.50
WIN tcmalloc 64 37 23680000 5.22 7.81 9.12 11.72
WIN tcmalloc 64 38 24320000 5.22 7.81 9.12 326.81
WIN tcmalloc 64 39 24960000 5.22 7.81 9.12 302.09
WIN tcmalloc 64 40 25600000 5.22 7.81 9.12 266.91
WIN tcmalloc 64 41 26240000 5.22 7.81 9.09 9.12
WIN tcmalloc 64 42 26880000 5.22 7.81 9.09 194.03
WIN tcmalloc 64 43 27520000 5.22 7.81 9.12 164.06
WIN tcmalloc 64 44 28160000 5.22 7.81 9.09 10.41
WIN tcmalloc 64 45 28800000 5.22 7.81 162.75 424.50
WIN tcmalloc 64 46 29440000 5.22 7.81 9.12 10.44
WIN tcmalloc 64 47 30080000 5.22 7.81 9.12 359.38
WIN tcmalloc 64 48 30720000 5.22 7.81 7.81 123.69
WIN tcmalloc 64 49 31360000 5.22 7.81 9.12 309.91
WIN tcmalloc 64 50 32000000 5.22 7.81 10.41 377.62
WIN tcmalloc 64 51 32640000 5.22 7.81 10.41 307.28
WIN tcmalloc 64 52 33280000 5.22 7.81 9.09 11.72
WIN tcmalloc 64 53 33920000 5.22 7.81 9.12 205.75
WIN tcmalloc 64 54 34560000 5.22 7.81 9.12 317.72
WIN tcmalloc 64 55 35200000 5.22 7.81 9.12 177.06
WIN tcmalloc 64 56 35840000 5.22 7.81 9.12 305.97
WIN tcmalloc 64 57 36480000 5.22 7.81 9.09 10.41
WIN tcmalloc 64 58 37120000 5.22 7.81 9.12 169.28
WIN tcmalloc 64 59 37760000 5.22 7.81 9.09 10.44
WIN tcmalloc 64 60 38400000 5.22 7.81 9.12 364.59
WIN tcmalloc 64 61 39040000 5.22 7.81 9.12 170.59
WIN tcmalloc 64 62 39680000 5.22 7.81 9.12 177.09
WIN tcmalloc 64 63 40320000 5.22 7.81 9.12 338.53
WIN tcmalloc 64 64 40960000 5.22 7.81 9.12 182.31
WIN tcmalloc 64 65 41600000 5.22 7.81 9.12 326.81
WIN tcmalloc 64 66 42240000 5.22 7.81 9.12 10.44
WIN tcmalloc 64 67 42880000 5.22 7.81 7.81 135.44
WIN tcmalloc 64 68 43520000 5.22 7.81 9.12 10.44
WIN tcmalloc 64 69 44160000 5.22 7.81 9.12 96.34
WIN tcmalloc 64 70 44800000 5.22 7.81 9.12 427.09
WIN tcmalloc 64 71 45440000 5.22 7.81 9.12 11.72
WIN tcmalloc 64 72 46080000 5.22 9.12 11.72 865.91
WIN tcmalloc 64 73 46720000 5.22 7.81 9.12 125.00
WIN tcmalloc 64 74 47360000 5.22 7.81 9.12 170.56
WIN tcmalloc 64 75 48000000 5.22 7.81 7.81 9.12
WIN tcmalloc 64 76 48640000 5.22 7.81 7.81 10.41
WIN tcmalloc 64 77 49280000 5.22 7.81 7.81 161.47
WIN tcmalloc 64 78 49920000 5.22 7.81 7.81 10.41
WIN tcmalloc 64 79 50560000 5.22 7.81 9.12 59.91
WIN tcmalloc 64 80 51200000 5.22 7.81 9.09 10.41
WIN tcmalloc 64 81 51840000 5.22 7.81 9.12 170.56
WIN tcmalloc 64 82 52480000 5.22 9.09 10.41 13.03
WIN tcmalloc 64 83 53120000 5.22 7.81 10.41 18.22
WIN tcmalloc 64 84 53760000 5.22 7.81 9.12 205.72
WIN tcmalloc 64 85 54400000 5.22 7.81 9.12 330.72
WIN tcmalloc 64 86 55040000 5.22 7.81 9.12 131.53
WIN tcmalloc 64 87 55680000 5.22 7.81 9.12 11.72
WIN tcmalloc 64 88 56320000 5.22 7.81 9.09 10.44
WIN tcmalloc 64 89 56960000 5.22 7.81 9.12 171.88
WIN tcmalloc 64 90 57600000 5.22 7.81 9.12 10.41
WIN tcmalloc 64 91 58240000 5.22 7.81 9.12 59.91
WIN tcmalloc 64 92 58880000 5.22 7.81 7.81 11.72
WIN tcmalloc 64 93 59520000 5.22 7.81 9.09 10.41
WIN tcmalloc 64 94 60160000 5.22 7.81 9.12 425.78
WIN tcmalloc 64 95 60800000 5.22 9.12 11.72 1354.16
WIN tcmalloc 64 96 61440000 5.22 7.81 9.12 10.44
WIN tcmalloc 64 97 62080000 5.22 7.81 10.41 716.16
WIN tcmalloc 64 98 62720000 5.22 7.81 10.41 212.22
WIN tcmalloc 64 99 63360000 5.22 7.81 9.12 10.41
WIN mimalloc 64 0 0 16.94 24.75 45.56 248.69
WIN mimalloc 64 1 640000 16.94 23.44 45.56 617.19
WIN mimalloc 64 2 1280000 16.94 22.16 45.56 225.25
WIN mimalloc 64 3 1920000 16.94 23.44 44.28 195.31
WIN mimalloc 64 4 2560000 18.22 27.34 52.09 1173.19
WIN mimalloc 64 5 3200000 16.91 22.16 42.97 415.38
WIN mimalloc 64 6 3840000 16.94 24.75 46.88 606.78
WIN mimalloc 64 7 4480000 16.94 23.44 46.88 230.47
WIN mimalloc 64 8 5120000 18.22 27.34 46.88 308.59
WIN mimalloc 64 9 5760000 15.62 22.16 45.56 393.22
WIN mimalloc 64 10 6400000 16.94 23.44 44.28 369.81
WIN mimalloc 64 11 7040000 15.62 22.16 42.97 483.09
WIN mimalloc 64 12 7680000 16.91 23.44 45.56 356.78
WIN mimalloc 64 13 8320000 16.91 22.16 45.56 657.53
WIN mimalloc 64 14 8960000 16.94 26.06 46.88 320.31
WIN mimalloc 64 15 9600000 16.91 24.72 48.16 570.31
WIN mimalloc 64 16 10240000 15.62 22.12 44.25 645.84
WIN mimalloc 64 17 10880000 15.62 22.12 45.59 654.94
WIN mimalloc 64 18 11520000 15.62 22.12 45.56 540.38
WIN mimalloc 64 19 12160000 16.91 22.16 45.56 509.09
WIN mimalloc 64 20 12800000 16.94 24.75 48.16 429.69
WIN mimalloc 64 21 13440000 16.91 22.16 42.97 173.16
WIN mimalloc 64 22 14080000 16.91 23.44 48.19 369.78
WIN mimalloc 64 23 14720000 15.62 22.12 45.56 592.47
WIN mimalloc 64 24 15360000 16.91 22.12 45.59 197.91
WIN mimalloc 64 25 16000000 16.94 26.03 45.56 511.72
WIN mimalloc 64 26 16640000 16.94 32.56 48.19 363.28
WIN mimalloc 64 27 17280000 18.25 33.88 52.09 373.69
WIN mimalloc 64 28 17920000 15.62 22.12 45.59 630.22
WIN mimalloc 64 29 18560000 15.62 22.12 45.56 613.28
WIN mimalloc 64 30 19200000 16.91 22.16 45.59 317.72
WIN mimalloc 64 31 19840000 15.62 22.12 46.88 549.47
WIN mimalloc 64 32 20480000 15.62 22.12 45.56 588.56
WIN mimalloc 64 33 21120000 15.62 22.16 44.28 652.34
WIN mimalloc 64 34 21760000 15.62 22.12 41.66 394.53
WIN mimalloc 64 35 22400000 16.91 22.16 42.97 575.53
WIN mimalloc 64 36 23040000 19.53 29.94 50.78 412.75
WIN mimalloc 64 37 23680000 16.94 23.44 46.88 269.53
WIN mimalloc 64 38 24320000 16.94 22.16 44.28 391.91
WIN mimalloc 64 39 24960000 15.62 22.12 42.97 328.12
WIN mimalloc 64 40 25600000 16.91 22.16 44.28 192.72
WIN mimalloc 64 41 26240000 15.62 22.12 46.88 597.66
WIN mimalloc 64 42 26880000 15.62 20.84 42.97 584.62
WIN mimalloc 64 43 27520000 16.91 22.12 44.28 390.62
WIN mimalloc 64 44 28160000 15.62 22.12 44.25 562.50
WIN mimalloc 64 45 28800000 16.91 22.16 44.28 190.09
WIN mimalloc 64 46 29440000 15.62 22.12 41.66 559.91
WIN mimalloc 64 47 30080000 16.94 23.44 45.59 417.97
WIN mimalloc 64 48 30720000 16.94 23.44 45.56 410.16
WIN mimalloc 64 49 31360000 18.22 28.66 45.56 483.06
WIN mimalloc 64 50 32000000 16.94 23.44 45.59 165.34
WIN mimalloc 64 51 32640000 16.91 23.44 41.66 752.59
WIN mimalloc 64 52 33280000 16.91 22.16 46.88 364.59
WIN mimalloc 64 53 33920000 16.91 22.16 41.69 95.06
WIN mimalloc 64 54 34560000 16.91 22.12 44.28 183.59
WIN mimalloc 64 55 35200000 16.91 22.12 45.56 322.91
WIN mimalloc 64 56 35840000 16.91 22.12 45.59 458.34
WIN mimalloc 64 57 36480000 16.94 24.75 45.56 305.97
WIN mimalloc 64 58 37120000 16.94 24.75 49.47 1208.34
WIN mimalloc 64 59 37760000 16.91 23.44 46.88 393.22
WIN mimalloc 64 60 38400000 15.62 22.12 45.56 282.56
WIN mimalloc 64 61 39040000 15.62 22.12 44.28 417.97
WIN mimalloc 64 62 39680000 16.94 22.16 45.59 143.25
WIN mimalloc 64 63 40320000 16.91 22.12 44.25 237.00
WIN mimalloc 64 64 40960000 16.91 22.12 46.88 298.19
WIN mimalloc 64 65 41600000 16.91 22.16 169.28 375.00
WIN mimalloc 64 66 42240000 16.91 22.16 46.88 304.69
WIN mimalloc 64 67 42880000 16.91 23.44 48.16 348.97
WIN mimalloc 64 68 43520000 16.91 23.44 46.88 333.34
WIN mimalloc 64 69 44160000 16.94 26.06 52.06 516.91
WIN mimalloc 64 70 44800000 16.94 22.16 41.66 286.44
WIN mimalloc 64 71 45440000 16.91 22.12 44.28 322.91
WIN mimalloc 64 72 46080000 15.62 22.12 41.66 740.88
WIN mimalloc 64 73 46720000 15.62 22.12 42.97 472.66
WIN mimalloc 64 74 47360000 16.91 23.44 46.88 319.03
WIN mimalloc 64 75 48000000 16.91 22.16 44.28 175.78
WIN mimalloc 64 76 48640000 16.91 22.12 42.97 221.34
WIN mimalloc 64 77 49280000 16.91 22.12 45.56 229.16
WIN mimalloc 64 78 49920000 16.91 22.16 44.28 212.22
WIN mimalloc 64 79 50560000 16.94 26.03 46.88 436.22
WIN mimalloc 64 80 51200000 16.91 23.44 45.59 337.22
WIN mimalloc 64 81 51840000 15.62 22.12 45.59 664.06
WIN mimalloc 64 82 52480000 15.62 22.12 45.56 221.34
WIN mimalloc 64 83 53120000 16.91 22.12 42.97 191.41
WIN mimalloc 64 84 53760000 15.62 20.84 45.56 464.84
WIN mimalloc 64 85 54400000 16.91 22.12 44.28 177.06
WIN mimalloc 64 86 55040000 16.91 22.12 41.66 53.41
WIN mimalloc 64 87 55680000 16.91 22.16 45.56 192.69
WIN mimalloc 64 88 56320000 16.91 22.12 46.88 197.91
WIN mimalloc 64 89 56960000 16.91 22.12 44.28 184.91
WIN mimalloc 64 90 57600000 18.22 27.34 49.50 321.62
WIN mimalloc 64 91 58240000 16.91 22.16 45.56 351.56
WIN mimalloc 64 92 58880000 15.62 22.12 45.56 235.66
WIN mimalloc 64 93 59520000 15.62 22.12 41.69 196.62
WIN mimalloc 64 94 60160000 16.91 22.12 42.97 188.81
WIN mimalloc 64 95 60800000 15.62 22.12 44.28 382.81
WIN mimalloc 64 96 61440000 15.62 22.12 44.25 200.50
WIN mimalloc 64 97 62080000 15.62 22.12 42.97 183.59
WIN mimalloc 64 98 62720000 19.53 39.06 59.91 548.16
WIN mimalloc 64 99 63360000 20.84 53.38 105.47 1096.38
