WIN PMAD 64 0 0 11.72 31.25 192.72 761.72
WIN PMAD 64 1 640000 13.03 35.16 201.84 744.81
WIN PMAD 64 2 1280000 11.72 33.84 213.53 356.78
WIN PMAD 64 3 1920000 11.72 31.25 199.22 375.00
WIN PMAD 64 4 2560000 11.72 35.16 239.59 411.44
WIN PMAD 64 5 3200000 11.72 32.56 216.12 470.03
WIN PMAD 64 6 3840000 10.44 24.72 85.94 317.72
WIN PMAD 64 7 4480000 13.00 36.47 253.91 1023.44
WIN PMAD 64 8 5120000 11.72 35.16 226.56 458.34
WIN PMAD 64 9 5760000 11.72 29.97 212.25 445.31
WIN PMAD 64 10 6400000 11.72 35.16 244.78 371.09
WIN PMAD 64 11 7040000 11.72 31.25 246.09 376.31
WIN PMAD 64 12 7680000 13.00 33.84 238.28 299.47
WIN PMAD 64 13 8320000 11.72 31.25 229.19 472.66
WIN PMAD 64 14 8960000 10.41 22.16 40.34 294.28
WIN PMAD 64 15 9600000 11.72 37.75 243.47 326.81
WIN PMAD 64 16 10240000 13.00 35.16 247.41 986.97
WIN PMAD 64 17 10880000 11.72 29.97 231.78 692.69
WIN PMAD 64 18 11520000 13.03 32.53 239.59 428.38
WIN PMAD 64 19 12160000 11.72 32.56 244.78 451.81
WIN PMAD 64 20 12800000 11.72 33.84 221.34 1363.28
WIN PMAD 64 21 13440000 11.72 33.84 239.59 321.59
WIN PMAD 64 22 14080000 11.72 33.84 236.97 324.22
WIN PMAD 64 23 14720000 10.44 23.44 48.19 242.19
WIN PMAD 64 24 15360000 13.03 44.25 270.84 783.84
WIN PMAD 64 25 16000000 11.72 35.16 242.19 341.16
WIN PMAD 64 26 16640000 11.72 29.94 50.78 460.94
WIN PMAD 64 27 17280000 11.72 32.53 242.19 432.28
WIN PMAD 64 28 17920000 11.72 33.84 244.78 376.31
WIN PMAD 64 29 18560000 11.72 35.16 252.59 433.59
WIN PMAD 64 30 19200000 11.72 33.84 250.00 458.34
WIN PMAD 64 31 19840000 10.44 23.44 225.25 401.06
WIN PMAD 64 32 20480000 11.72 35.16 235.69 311.19
WIN PMAD 64 33 21120000 13.00 35.16 247.38 347.66
WIN PMAD 64 34 21760000 10.41 23.44 201.81 381.50
WIN PMAD 64 35 22400000 6.53 13.00 15.62 281.25
WIN PMAD 64 36 23040000 6.50 10.44 13.03 253.91
WIN PMAD 64 37 23680000 5.22 10.41 11.72 453.12
WIN PMAD 64 38 24320000 5.22 10.41 11.72 313.81
WIN PMAD 64 39 24960000 7.81 14.34 20.81 462.25
WIN PMAD 64 40 25600000 6.50 11.72 14.31 183.59
WIN PMAD 64 41 26240000 6.53 14.31 16.91 496.09
WIN PMAD 64 42 26880000 6.50 11.72 14.31 16.94
WIN PMAD 64 43 27520000 5.22 10.41 11.72 207.03
WIN PMAD 64 44 28160000 5.22 9.12 11.72 373.69
WIN PMAD 64 45 28800000 5.22 9.12 11.72 216.12
WIN PMAD 64 46 29440000 5.22 9.12 11.72 15.62
WIN PMAD 64 47 30080000 5.22 10.41 11.72 194.03
WIN PMAD 64 48 30720000 5.22 9.12 11.72 174.47
WIN PMAD 64 49 31360000 5.22 9.12 11.72 195.31
WIN PMAD 64 50 32000000 5.22 9.12 11.72 13.03
WIN PMAD 64 51 32640000 5.22 9.12 10.44 183.59
WIN PMAD 64 52 33280000 5.22 7.81 9.12 164.06
WIN PMAD 64 53 33920000 5.22 7.81 9.12 191.41
WIN PMAD 64 54 34560000 5.22 7.81 9.12 904.94
WIN PMAD 64 55 35200000 5.22 7.81 9.12 10.44
WIN PMAD 64 56 35840000 5.22 7.81 9.12 195.31
WIN PMAD 64 57 36480000 5.22 7.81 9.12 11.72
WIN PMAD 64 58 37120000 5.22 7.81 9.12 208.34
WIN PMAD 64 59 37760000 5.22 7.81 9.12 89.84
WIN PMAD 64 60 38400000 5.22 7.81 9.12 187.50
WIN PMAD 64 61 39040000 5.22 7.81 9.12 11.72
WIN PMAD 64 62 39680000 5.22 7.81 9.12 666.69
WIN PMAD 64 63 40320000 5.22 7.81 9.12 10.44
WIN PMAD 64 64 40960000 5.22 7.81 9.12 165.34
WIN PMAD 64 65 41600000 5.22 7.81 9.12 11.72
WIN PMAD 64 66 42240000 5.22 7.81 9.12 55.97
WIN PMAD 64 67 42880000 5.22 9.09 10.41 170.56
WIN PMAD 64 68 43520000 6.50 11.72 14.34 352.88
WIN PMAD 64 69 44160000 5.22 10.41 13.03 16.94
WIN PMAD 64 70 44800000 6.53 13.03 15.62 135.41
WIN PMAD 64 71 45440000 5.22 9.12 10.44 14.31
WIN PMAD 64 72 46080000 5.22 9.09 9.12 138.03
WIN PMAD 64 73 46720000 5.22 9.09 10.44 378.91
WIN PMAD 64 74 47360000 6.50 11.72 15.62 351.56
WIN PMAD 64 75 48000000 5.22 10.41 11.72 58.59
WIN PMAD 64 76 48640000 5.22 9.12 10.44 451.84
WIN PMAD 64 77 49280000 5.22 7.81 9.12 153.66
WIN PMAD 64 78 49920000 5.22 7.81 9.12 234.38
WIN PMAD 64 79 50560000 6.50 11.72 14.31 305.97
WIN PMAD 64 80 51200000 5.22 9.12 11.72 337.25
WIN PMAD 64 81 51840000 5.22 9.09 10.41 308.59
WIN PMAD 64 82 52480000 5.22 7.81 9.12 179.69
WIN PMAD 64 83 53120000 5.22 10.44 11.72 18.22
WIN PMAD 64 84 53760000 5.22 9.12 10.44 212.25
WIN PMAD 64 85 54400000 5.22 7.81 9.12 10.44
WIN PMAD 64 86 55040000 5.22 7.81 9.12 204.44
WIN PMAD 64 87 55680000 5.22 10.41 13.00 359.38
WIN PMAD 64 88 56320000 5.22 9.12 10.44 596.34
WIN PMAD 64 89 56960000 5.22 7.81 9.12 10.44
WIN PMAD 64 90 57600000 5.22 7.81 9.12 233.09
WIN PMAD 64 91 58240000 5.22 7.81 9.12 13.03
WIN PMAD 64 92 58880000 5.22 7.81 9.12 186.19
WIN PMAD 64 93 59520000 5.22 7.81 9.12 11.72
WIN PMAD 64 94 60160000 5.22 7.81 9.12 252.59
WIN PMAD 64 95 60800000 5.22 7.81 9.12 10.44
WIN PMAD 64 96 61440000 5.22 10.41 13.03 1105.47
WIN PMAD 64 97 62080000 6.50 11.72 14.34 368.50
WIN PMAD 64 98 62720000 6.50 11.72 14.31 123.69
WIN PMAD 64 99 63360000 5.22 9.12 10.44 212.25
WIN system 64 0 0 70.31 268.25 451.81 1342.47
WIN system 64 1 640000 67.72 263.03 369.81 699.22
WIN system 64 2 1280000 65.12 217.47 381.50 30877.62
WIN system 64 3 1920000 61.19 182.28 352.88 673.16
WIN system 64 4 2560000 67.72 191.41 359.38 484.38
WIN system 64 5 3200000 65.12 165.38 380.22 1750.00
WIN system 64 6 3840000 71.59 259.12 424.47 1550.78
WIN system 64 7 4480000 69.00 209.66 375.00 778.66
WIN system 64 8 5120000 70.31 179.69 369.81 984.38
WIN system 64 9 5760000 72.91 274.75 397.12 800.78
WIN system 64 10 6400000 70.31 250.00 398.44 1160.16
WIN system 64 11 7040000 70.31 190.12 393.25 1032.53
WIN system 64 12 7680000 66.41 191.41 385.41 1127.59
WIN system 64 13 8320000 45.56 117.19 304.69 2117.19
WIN system 64 14 8960000 35.16 50.78 61.19 410.16
WIN system 64 15 9600000 35.16 48.19 57.31 393.22
WIN system 64 16 10240000 33.88 42.97 56.00 431.00
WIN system 64 17 10880000 36.47 53.38 61.19 696.62
WIN system 64 18 11520000 46.88 83.31 169.28 1184.88
WIN system 64 19 12160000 40.38 63.78 74.22 352.84
WIN system 64 20 12800000 37.75 53.38 62.50 423.19
WIN system 64 21 13440000 33.84 41.69 46.88 235.66
WIN system 64 22 14080000 32.56 39.06 45.56 372.38
WIN system 64 23 14720000 32.56 37.78 42.97 278.66
WIN system 64 24 15360000 41.69 66.41 102.88 351.56
WIN system 64 25 16000000 66.41 135.44 279.97 770.81
WIN system 64 26 16640000 66.41 144.53 274.72 970.03
WIN system 64 27 17280000 69.00 144.53 272.16 2613.28
WIN system 64 28 17920000 71.62 164.06 324.22 1126.31
WIN system 64 29 18560000 72.91 174.50 371.09 1257.81
WIN system 64 30 19200000 72.91 154.94 335.94 1009.12
WIN system 64 31 19840000 70.31 157.56 356.78 1518.22
WIN system 64 32 20480000 70.31 145.84 313.81 989.56
WIN system 64 33 21120000 74.22 166.69 354.16 1057.31
WIN system 64 34 21760000 74.22 160.16 335.94 1917.97
WIN system 64 35 22400000 67.72 140.62 324.22 1356.78
WIN system 64 36 23040000 70.31 143.25 326.81 602.84
WIN system 64 37 23680000 70.31 143.22 309.88 1023.44
WIN system 64 38 24320000 65.12 182.28 339.84 500.00
WIN system 64 39 24960000 59.88 166.66 315.09 533.84
WIN system 64 40 25600000 39.06 54.69 66.41 1041.69
WIN system 64 41 26240000 33.84 42.97 52.06 889.31
WIN system 64 42 26880000 35.16 50.78 63.78 460.94
WIN system 64 43 27520000 33.88 45.59 65.09 367.19
WIN system 64 44 28160000 33.84 45.59 54.69 709.66
WIN system 64 45 28800000 33.84 41.69 62.50 479.16
WIN system 64 46 29440000 33.88 44.25 67.72 416.66
WIN system 64 47 30080000 33.84 46.88 71.62 424.47
WIN system 64 48 30720000 35.16 52.09 59.91 548.19
WIN system 64 49 31360000 33.84 39.06 44.28 597.66
WIN system 64 50 32000000 32.56 39.06 45.56 476.56
WIN system 64 51 32640000 35.16 50.78 63.81 397.12
WIN system 64 52 33280000 61.22 147.12 343.75 1066.41
WIN system 64 53 33920000 67.72 158.84 343.75 904.94
WIN system 64 54 34560000 66.41 138.03 201.81 1174.50
WIN system 64 55 35200000 66.41 208.34 406.25 1040.38
WIN system 64 56 35840000 63.78 231.78 378.91 1585.94
WIN system 64 57 36480000 67.72 222.66 416.66 1739.59
WIN system 64 58 37120000 67.72 195.31 356.78 859.38
WIN system 64 59 37760000 69.00 223.94 390.62 1570.31
WIN system 64 60 38400000 67.69 182.31 364.59 942.69
WIN system 64 61 39040000 67.72 216.16 406.25 748.69
WIN system 64 62 39680000 67.69 226.56 378.91 987.00
WIN system 64 63 40320000 67.72 276.03 381.50 959.62
WIN system 64 64 40960000 62.50 177.09 347.66 959.66
WIN system 64 65 41600000 70.31 276.06 397.12 1033.88
WIN system 64 66 42240000 72.91 283.84 391.94 1203.12
WIN system 64 67 42880000 53.41 148.44 361.97 1115.91
WIN system 64 68 43520000 40.38 59.91 80.72 496.09
WIN system 64 69 44160000 35.16 48.16 56.00 445.31
WIN system 64 70 44800000 33.84 40.38 45.59 309.91
WIN system 64 71 45440000 32.56 37.78 41.66 464.84
WIN system 64 72 46080000 32.56 37.78 41.66 725.28
WIN system 64 73 46720000 33.84 45.56 54.69 514.34
WIN system 64 74 47360000 35.16 44.25 49.50 501.31
WIN system 64 75 48000000 32.56 39.06 42.97 346.34
WIN system 64 76 48640000 32.56 37.75 42.97 630.19
WIN system 64 77 49280000 32.56 37.75 41.69 691.41
WIN system 64 78 49920000 32.56 42.97 54.69 417.97
WIN system 64 79 50560000 39.06 85.94 197.94 2031.25
WIN system 64 80 51200000 48.16 111.97 311.22 1119.78
WIN system 64 81 51840000 70.31 248.69 382.81 902.34
WIN system 64 82 52480000 62.50 244.81 367.19 477.88
WIN system 64 83 53120000 65.09 238.28 354.16 927.09
WIN system 64 84 53760000 65.09 167.97 354.19 595.06
WIN system 64 85 54400000 69.00 276.03 447.91 1480.47
WIN system 64 86 55040000 66.41 255.19 416.66 1359.38
WIN system 64 87 55680000 69.00 212.22 410.16 1398.44
WIN system 64 88 56320000 69.00 255.22 432.28 1458.34
WIN system 64 89 56960000 67.72 263.03 401.06 1799.47
WIN system 64 90 57600000 70.31 263.03 485.69 1364.59
WIN system 64 91 58240000 70.31 265.62 402.34 1416.66
WIN system 64 92 58880000 66.41 220.03 389.34 675.78
WIN system 64 93 59520000 66.41 209.62 377.59 986.97
WIN system 64 94 60160000 69.00 246.09 436.19 1033.88
WIN system 64 95 60800000 48.16 127.62 335.94 1010.41
WIN system 64 96 61440000 33.84 40.34 44.25 320.31
WIN system 64 97 62080000 33.84 39.06 44.28 451.84
WIN system 64 98 62720000 33.84 39.06 41.66 259.12
WIN system 64 99 63360000 32.56 37.78 42.97 248.69
WIN jemalloc 64 0 0 7.81 9.12 11.72 218.75
WIN jemalloc 64 1 640000 7.81 9.12 10.44 11.72
WIN jemalloc 64 2 1280000 7.81 9.12 11.72 225.28
WIN jemalloc 64 3 1920000 7.81 9.12 11.72 433.59
WIN jemalloc 64 4 2560000 7.81 10.41 13.03 294.28
WIN jemalloc 64 5 3200000 7.81 9.12 11.72 13.03
WIN jemalloc 64 6 3840000 7.81 10.44 13.03 364.56
WIN jemalloc 64 7 4480000 7.81 9.12 11.72 27.34
WIN jemalloc 64 8 5120000 7.81 9.12 11.72 191.41
WIN jemalloc 64 9 5760000 7.81 9.12 11.72 277.34
WIN jemalloc 64 10 6400000 7.81 9.12 11.72 182.28
WIN jemalloc 64 11 7040000 7.81 10.41 11.72 304.69
WIN jemalloc 64 12 7680000 7.81 10.41 11.72 375.00
WIN jemalloc 64 13 8320000 7.81 10.44 18.22 734.38
WIN jemalloc 64 14 8960000 7.81 10.44 13.03 282.56
WIN jemalloc 64 15 9600000 7.81 10.44 13.00 251.31
WIN jemalloc 64 16 10240000 7.81 10.44 11.72 246.09
WIN jemalloc 64 17 10880000 7.81 10.44 11.72 244.78
WIN jemalloc 64 18 11520000 7.81 10.44 11.72 285.16
WIN jemalloc 64 19 12160000 7.81 10.44 11.72 246.09
WIN jemalloc 64 20 12800000 7.81 28.66 234.38 944.03
WIN jemalloc 64 21 13440000 7.81 11.72 16.94 389.31
WIN jemalloc 64 22 14080000 7.81 11.72 14.34 261.72
WIN jemalloc 64 23 14720000 7.81 11.72 246.09 556.00
WIN jemalloc 64 24 15360000 7.81 11.72 162.78 399.75
WIN jemalloc 64 25 16000000 7.81 19.53 66.41 872.38
WIN jemalloc 64 26 16640000 7.81 14.34 247.41 361.97
WIN jemalloc 64 27 17280000 7.81 11.72 240.88 871.09
WIN jemalloc 64 28 17920000 7.81 10.44 13.03 248.69
WIN jemalloc 64 29 18560000 7.81 11.72 233.06 302.09
WIN jemalloc 64 30 19200000 7.81 11.72 223.97 319.03
WIN jemalloc 64 31 19840000 7.81 11.72 212.25 367.19
WIN jemalloc 64 32 20480000 7.81 10.44 13.00 279.94
WIN jemalloc 64 33 21120000 7.81 11.72 242.19 777.34
WIN jemalloc 64 34 21760000 7.81 11.72 248.69 467.44
WIN jemalloc 64 35 22400000 7.81 11.72 151.06 412.78
WIN jemalloc 64 36 23040000 7.81 10.44 79.44 333.31
WIN jemalloc 64 37 23680000 7.81 11.72 135.41 377.62
WIN jemalloc 64 38 24320000 7.81 11.72 246.09 354.16
WIN jemalloc 64 39 24960000 7.81 11.72 14.31 388.00
WIN jemalloc 64 40 25600000 7.81 10.44 218.75 308.59
WIN jemalloc 64 41 26240000 7.81 10.44 135.41 325.53
WIN jemalloc 64 42 26880000 7.81 11.72 183.59 319.03
WIN jemalloc 64 43 27520000 7.81 11.72 222.66 319.00
WIN jemalloc 64 44 28160000 7.81 11.72 199.22 553.38
WIN jemalloc 64 45 28800000 7.81 11.72 14.31 902.34
WIN jemalloc 64 46 29440000 7.81 11.72 13.03 397.16
WIN jemalloc 64 47 30080000 7.81 11.72 186.19 356.75
WIN jemalloc 64 48 30720000 7.81 11.72 201.81 723.94
WIN jemalloc 64 49 31360000 7.81 10.44 13.03 237.00
WIN jemalloc 64 50 32000000 7.81 11.72 192.72 294.28
WIN jemalloc 64 51 32640000 7.81 11.72 225.25 316.41
WIN jemalloc 64 52 33280000 7.81 11.72 199.22 397.12
WIN jemalloc 64 53 33920000 7.81 11.72 14.31 270.84
WIN jemalloc 64 54 34560000 7.81 10.44 239.59 345.06
WIN jemalloc 64 55 35200000 7.81 11.72 225.25 746.09
WIN jemalloc 64 56 35840000 7.81 10.44 11.72 253.91
WIN jemalloc 64 57 36480000 7.81 11.72 222.66 425.78
WIN jemalloc 64 58 37120000 7.81 11.72 239.56 351.56
WIN jemalloc 64 59 37760000 7.81 11.72 234.38 324.22
WIN jemalloc 64 60 38400000 7.81 10.44 11.72 414.06
WIN jemalloc 64 61 39040000 7.81 11.72 48.19 296.88
WIN jemalloc 64 62 39680000 7.81 11.72 220.06 384.09
WIN jemalloc 64 63 40320000 7.81 10.44 13.03 372.38
WIN jemalloc 64 64 40960000 7.81 11.72 13.03 322.94
WIN jemalloc 64 65 41600000 7.81 22.16 218.75 1093.75
WIN jemalloc 64 66 42240000 7.81 11.72 244.81 789.06
WIN jemalloc 64 67 42880000 7.81 11.72 14.34 278.66
WIN jemalloc 64 68 43520000 7.81 10.44 11.72 246.09
WIN jemalloc 64 69 44160000 7.81 11.72 231.78 376.31
WIN jemalloc 64 70 44800000 7.81 10.44 13.03 954.44
WIN jemalloc 64 71 45440000 7.81 10.44 223.97 406.25
WIN jemalloc 64 72 46080000 7.81 10.44 13.03 287.75
WIN jemalloc 64 73 46720000 7.81 11.72 14.34 628.91
WIN jemalloc 64 74 47360000 7.81 11.72 236.97 388.03
WIN jemalloc 64 75 48000000 7.81 11.72 227.88 304.69
WIN jemalloc 64 76 48640000 7.81 11.72 14.34 286.44
WIN jemalloc 64 77 49280000 7.81 11.72 14.31 1167.97
WIN jemalloc 64 78 49920000 7.81 19.53 56.00 830.72
WIN jemalloc 64 79 50560000 7.81 26.03 63.78 881.53
WIN jemalloc 64 80 51200000 7.81 24.75 138.00 755.22
WIN jemalloc 64 81 51840000 7.81 11.72 216.16 399.75
WIN jemalloc 64 82 52480000 7.81 11.72 236.97 324.22
WIN jemalloc 64 83 53120000 7.81 11.72 49.47 359.38
WIN jemalloc 64 84 53760000 7.81 20.84 227.88 992.19
WIN jemalloc 64 85 54400000 7.81 26.03 242.19 1134.12
WIN jemalloc 64 86 55040000 7.81 14.34 261.72 768.22
WIN jemalloc 64 87 55680000 7.81 10.44 13.03 283.88
WIN jemalloc 64 88 56320000 7.81 22.16 231.75 1045.59
WIN jemalloc 64 89 56960000 7.81 14.34 233.09 739.56
WIN jemalloc 64 90 57600000 7.81 11.72 240.88 414.06
WIN jemalloc 64 91 58240000 7.81 11.72 169.25 789.06
WIN jemalloc 64 92 58880000 7.81 13.03 234.38 843.75
WIN jemalloc 64 93 59520000 7.81 11.72 169.28 337.25
WIN jemalloc 64 94 60160000 7.81 11.72 14.31 510.41
WIN jemalloc 64 95 60800000 7.81 11.72 148.44 1035.16
WIN jemalloc 64 96 61440000 7.81 11.72 242.19 309.91
WIN jemalloc 64 97 62080000 7.81 11.72 171.88 255.22
WIN jemalloc 64 98 62720000 7.81 22.12 247.41 1074.22
WIN jemalloc 64 99 63360000 7.81 11.72 226.56 657.56
WIN tcmalloc 64 0 0 6.50 20.84 207.03 424.47
WIN tcmalloc 64 1 640000 6.50 19.53 200.53 304.69
WIN tcmalloc 64 2 1280000 6.53 20.84 192.72 428.38
WIN tcmalloc 64 3 1920000 5.22 11.72 14.31 217.44
WIN tcmalloc 64 4 2560000 6.50 15.62 37.75 256.53
WIN tcmalloc 64 5 3200000 6.53 19.53 221.38 290.38
WIN tcmalloc 64 6 3840000 6.50 18.25 197.91 455.72
WIN tcmalloc 64 7 4480000 6.50 19.53 238.28 337.25
WIN tcmalloc 64 8 5120000 6.50 16.91 33.84 705.72
WIN tcmalloc 64 9 5760000 6.50 16.94 217.44 441.41
WIN tcmalloc 64 10 6400000 6.50 18.22 212.25 410.16
WIN tcmalloc 64 11 7040000 6.50 18.22 37.78 259.12
WIN tcmalloc 64 12 7680000 6.50 16.94 32.56 272.12
WIN tcmalloc 64 13 8320000 6.50 13.03 22.16 283.84
WIN tcmalloc 64 14 8960000 6.50 22.12 52.09 467.44
WIN tcmalloc 64 15 9600000 6.53 20.84 236.97 687.50
WIN tcmalloc 64 16 10240000 6.50 15.62 31.25 362.00
WIN tcmalloc 64 17 10880000 6.50 16.94 244.78 472.66
WIN tcmalloc 64 18 11520000 5.22 14.31 28.62 261.72
WIN tcmalloc 64 19 12160000 6.53 18.25 246.09 458.34
WIN tcmalloc 64 20 12800000 6.50 20.84 236.97 317.72
WIN tcmalloc 64 21 13440000 6.50 20.81 45.56 294.25
WIN tcmalloc 64 22 14080000 6.50 20.81 226.56 1082.03
WIN tcmalloc 64 23 14720000 6.50 18.22 243.47 996.09
WIN tcmalloc 64 24 15360000 6.50 19.53 191.41 286.47
WIN tcmalloc 64 25 16000000 5.22 18.22 231.78 302.09
WIN tcmalloc 64 26 16640000 6.50 19.53 247.41 479.16
WIN tcmalloc 64 27 17280000 6.50 16.94 153.62 2516.94
WIN tcmalloc 64 28 17920000 6.50 16.94 221.34 450.53
WIN tcmalloc 64 29 18560000 6.53 20.84 263.03 2071.62
WIN tcmalloc 64 30 19200000 6.50 15.62 31.25 438.81
WIN tcmalloc 64 31 19840000 6.50 18.22 227.84 1083.31
WIN tcmalloc 64 32 20480000 5.22 9.12 11.72 376.31
WIN tcmalloc 64 33 21120000 5.22 7.81 9.12 432.28
WIN tcmalloc 64 34 21760000 5.22 9.12 13.00 218.75
WIN tcmalloc 64 35 22400000 5.22 9.12 11.72 372.41
WIN tcmalloc 64 36 23040000 5.22 10.41 13.03 287.75
WIN tcmalloc 64 37 23680000 5.22 10.44 13.03 41.66
WIN tcmalloc 64 38 24320000 6.50 11.72 14.34 345.06
WIN tcmalloc 64 39 24960000 5.22 9.12 10.44 182.31
WIN tcmalloc 64 40 25600000 5.22 7.81 10.41 210.94
WIN tcmalloc 64 41 26240000 5.22 7.81 10.41 362.00
WIN tcmalloc 64 42 26880000 5.22 7.81 9.12 14.31
WIN tcmalloc 64 43 27520000 5.22 7.81 10.41 207.03
WIN tcmalloc 64 44 28160000 5.22 7.81 10.41 11.72
WIN tcmalloc 64 45 28800000 5.22 7.81 9.12 194.03
WIN tcmalloc 64 46 29440000 5.22 7.81 10.41 421.88
WIN tcmalloc 64 47 30080000 5.22 11.72 15.62 355.47
WIN tcmalloc 64 48 30720000 5.22 9.12 13.03 307.28
WIN tcmalloc 64 49 31360000 5.22 9.12 11.72 236.97
WIN tcmalloc 64 50 32000000 5.22 7.81 9.12 13.00
WIN tcmalloc 64 51 32640000 5.22 9.09 10.44 1158.88
WIN tcmalloc 64 52 33280000 5.22 7.81 10.41 377.62
WIN tcmalloc 64 53 33920000 5.22 7.81 9.12 188.81
WIN tcmalloc 64 54 34560000 5.22 7.81 9.12 49.47
WIN tcmalloc 64 55 35200000 5.22 7.81 9.12 218.75
WIN tcmalloc 64 56 35840000 5.22 7.81 9.12 13.03
WIN tcmalloc 64 57 36480000 5.22 7.81 9.12 194.00
WIN tcmalloc 64 58 37120000 5.22 7.81 9.12 307.28
WIN tcmalloc 64 59 37760000 5.22 7.81 10.41 1059.91
WIN tcmalloc 64 60 38400000 5.22 7.81 9.12 389.34
WIN tcmalloc 64 61 39040000 5.22 7.81 9.12 13.03
WIN tcmalloc 64 62 39680000 5.22 7.81 9.12 395.81
WIN tcmalloc 64 63 40320000 5.22 7.81 9.12 464.84
WIN tcmalloc 64 64 40960000 5.22 7.81 10.41 365.91
WIN tcmalloc 64 65 41600000 5.22 7.81 10.41 289.06
WIN tcmalloc 64 66 42240000 5.22 7.81 9.09 10.44
WIN tcmalloc 64 67 42880000 5.22 7.81 9.12 165.34
WIN tcmalloc 64 68 43520000 5.22 7.81 9.12 10.44
WIN tcmalloc 64 69 44160000 5.22 7.81 9.12 13.00
WIN tcmalloc 64 70 44800000 5.22 9.12 11.72 359.38
WIN tcmalloc 64 71 45440000 5.22 7.81 10.41 15.62
WIN tcmalloc 64 72 46080000 5.22 7.81 9.12 217.44
WIN tcmalloc 64 73 46720000 5.22 7.81 9.12 333.34
WIN tcmalloc 64 74 47360000 5.22 7.81 10.41 352.88
WIN tcmalloc 64 75 48000000 5.22 7.81 9.12 171.88
WIN tcmalloc 64 76 48640000 5.22 7.81 10.41 218.75
WIN tcmalloc 64 77 49280000 5.22 10.41 13.03 300.78
WIN tcmalloc 64 78 49920000 5.22 9.12 11.72 18.22
WIN tcmalloc 64 79 50560000 5.22 7.81 9.12 205.72
WIN tcmalloc 64 80 51200000 5.22 10.44 14.31 355.47
WIN tcmalloc 64 81 51840000 5.22 10.41 11.72 270.84
WIN tcmalloc 64 82 52480000 5.22 7.81 9.12 13.03
WIN tcmalloc 64 83 53120000 5.22 7.81 9.12 378.91
WIN tcmalloc 64 84 53760000 5.22 7.81 9.12 203.12
WIN tcmalloc 64 85 54400000 5.22 7.81 9.12 100.25
WIN tcmalloc 64 86 55040000 5.22 7.81 10.41 203.12
WIN tcmalloc 64 87 55680000 5.22 7.81 9.12 188.78
WIN tcmalloc 64 88 56320000 5.22 7.81 9.12 118.50
WIN tcmalloc 64 89 56960000 5.22 7.81 9.12 204.44
WIN tcmalloc 64 90 57600000 5.22 7.81 9.12 486.97
WIN tcmalloc 64 91 58240000 5.22 7.81 9.12 203.12
WIN tcmalloc 64 92 58880000 5.22 7.81 9.12 10.44
WIN tcmalloc 64 93 59520000 5.22 7.81 9.12 212.22
WIN tcmalloc 64 94 60160000 5.22 7.81 9.12 377.59
WIN tcmalloc 64 95 60800000 5.22 7.81 9.12 162.75
WIN tcmalloc 64 96 61440000 5.22 7.81 9.12 11.72
WIN tcmalloc 64 97 62080000 5.22 7.81 9.12 229.16
WIN tcmalloc 64 98 62720000 5.22 9.09 11.72 381.53
WIN tcmalloc 64 99 63360000 5.22 9.12 11.72 381.53
WIN mimalloc 64 0 0 29.97 78.12 251.31 473.97
WIN mimalloc 64 1 640000 29.97 71.62 260.44 511.72
WIN mimalloc 64 2 1280000 29.94 72.91 279.94 593.75
WIN mimalloc 64 3 1920000 27.34 65.12 272.12 438.81
WIN mimalloc 64 4 2560000 31.25 80.75 266.94 1157.53
WIN mimalloc 64 5 3200000 29.94 71.59 265.62 484.38
WIN mimalloc 64 6 3840000 29.94 70.31 259.12 460.94
WIN mimalloc 64 7 4480000 28.66 72.94 285.16 757.81
WIN mimalloc 64 8 5120000 28.62 66.41 265.62 1487.00
WIN mimalloc 64 9 5760000 28.66 74.22 256.50 544.28
WIN mimalloc 64 10 6400000 29.94 71.59 282.56 1247.41
WIN mimalloc 64 11 7040000 31.25 84.62 282.56 440.09
WIN mimalloc 64 12 7680000 28.66 69.00 250.00 395.84
WIN mimalloc 64 13 8320000 28.66 76.81 268.22 1358.09
WIN mimalloc 64 14 8960000 29.97 75.53 279.94 766.94
WIN mimalloc 64 15 9600000 31.25 80.75 290.34 973.97
WIN mimalloc 64 16 10240000 28.66 67.72 265.62 578.12
WIN mimalloc 64 17 10880000 28.66 80.72 264.31 937.50
WIN mimalloc 64 18 11520000 31.25 79.44 304.69 1123.69
WIN mimalloc 64 19 12160000 32.53 83.31 296.88 440.09
WIN mimalloc 64 20 12800000 29.94 74.22 273.44 490.88
WIN mimalloc 64 21 13440000 32.56 76.81 276.03 1497.41
WIN mimalloc 64 22 14080000 29.94 75.50 277.34 864.59
WIN mimalloc 64 23 14720000 31.25 67.72 278.66 600.25
WIN mimalloc 64 24 15360000 29.94 70.31 278.66 597.66
WIN mimalloc 64 25 16000000 31.25 69.00 283.84 985.66
WIN mimalloc 64 26 16640000 31.25 80.72 299.47 852.88
WIN mimalloc 64 27 17280000 31.25 75.50 276.03 424.50
WIN mimalloc 64 28 17920000 31.25 71.62 289.06 1101.56
WIN mimalloc 64 29 18560000 32.53 83.31 316.41 1447.94
WIN mimalloc 64 30 19200000 29.94 78.12 295.56 837.25
WIN mimalloc 64 31 19840000 23.44 58.59 230.47 483.09
WIN mimalloc 64 32 20480000 16.94 23.44 48.16 394.53
WIN mimalloc 64 33 21120000 18.22 32.56 50.78 1139.31
WIN mimalloc 64 34 21760000 18.25 29.97 50.78 412.75
WIN mimalloc 64 35 22400000 16.94 23.44 46.88 421.88
WIN mimalloc 64 36 23040000 16.94 23.44 45.59 273.44
WIN mimalloc 64 37 23680000 19.53 32.53 54.69 539.06
WIN mimalloc 64 38 24320000 16.94 23.44 45.56 329.41
WIN mimalloc 64 39 24960000 16.94 23.44 48.16 210.94
WIN mimalloc 64 40 25600000 18.22 31.25 52.06 1243.47
WIN mimalloc 64 41 26240000 18.22 27.34 48.19 563.81
WIN mimalloc 64 42 26880000 16.94 23.44 44.25 307.31
WIN mimalloc 64 43 27520000 20.84 35.16 54.69 696.62
WIN mimalloc 64 44 28160000 19.53 32.53 49.47 428.38
WIN mimalloc 64 45 28800000 16.94 23.44 48.19 360.69
WIN mimalloc 64 46 29440000 16.94 23.44 45.56 259.12
WIN mimalloc 64 47 30080000 19.53 31.25 57.28 1178.41
WIN mimalloc 64 48 30720000 16.94 24.72 46.88 388.03
WIN mimalloc 64 49 31360000 16.91 23.44 48.19 330.75
WIN mimalloc 64 50 32000000 18.22 28.66 49.47 273.44
WIN mimalloc 64 51 32640000 18.22 28.66 48.16 351.56
WIN mimalloc 64 52 33280000 16.94 23.44 48.19 354.19
WIN mimalloc 64 53 33920000 19.53 29.97 49.47 381.50
WIN mimalloc 64 54 34560000 26.03 48.16 76.84 380.22
WIN mimalloc 64 55 35200000 29.94 71.62 273.44 388.00
WIN mimalloc 64 56 35840000 29.94 69.03 272.12 582.03
WIN mimalloc 64 57 36480000 29.94 74.22 289.06 794.28
WIN mimalloc 64 58 37120000 28.66 66.41 265.62 622.41
WIN mimalloc 64 59 37760000 33.84 88.53 277.34 704.44
WIN mimalloc 64 60 38400000 31.25 93.75 252.59 781.25
WIN mimalloc 64 61 39040000 32.53 78.12 242.19 1039.06
WIN mimalloc 64 62 39680000 31.25 74.22 257.81 863.28
WIN mimalloc 64 63 40320000 29.94 67.72 144.53 962.25
WIN mimalloc 64 64 40960000 32.56 87.25 304.69 865.91
WIN mimalloc 64 65 41600000 32.53 97.66 272.12 855.47
WIN mimalloc 64 66 42240000 35.16 85.94 131.50 1070.31
WIN mimalloc 64 67 42880000 29.94 70.31 118.47 511.72
WIN mimalloc 64 68 43520000 31.25 71.62 259.12 955.72
WIN mimalloc 64 69 44160000 31.25 82.03 139.31 1328.12
WIN mimalloc 64 70 44800000 32.53 78.12 246.09 1796.88
WIN mimalloc 64 71 45440000 32.56 76.81 282.56 1925.78
WIN mimalloc 64 72 46080000 31.25 75.50 257.81 1450.53
WIN mimalloc 64 73 46720000 28.66 71.62 126.28 1061.22
WIN mimalloc 64 74 47360000 32.53 84.62 140.62 1303.38
WIN mimalloc 64 75 48000000 31.25 62.50 106.78 1160.16
WIN mimalloc 64 76 48640000 31.25 74.22 269.53 988.28
WIN mimalloc 64 77 49280000 31.25 82.03 147.12 1251.28
WIN mimalloc 64 78 49920000 31.25 71.62 179.69 1369.78
WIN mimalloc 64 79 50560000 31.25 79.44 131.50 980.47
WIN mimalloc 64 80 51200000 32.53 78.12 216.16 1266.94
WIN mimalloc 64 81 51840000 29.97 72.94 136.72 1382.81
WIN mimalloc 64 82 52480000 31.25 72.91 121.09 1488.28
WIN mimalloc 64 83 53120000 31.25 67.69 141.91 1450.53
WIN mimalloc 64 84 53760000 28.66 63.81 106.75 492.19
WIN mimalloc 64 85 54400000 29.97 69.03 217.44 792.97
WIN mimalloc 64 86 55040000 29.94 61.19 113.28 942.69
WIN mimalloc 64 87 55680000 27.34 65.09 95.06 1135.41
WIN mimalloc 64 88 56320000 20.81 31.25 46.88 108.09
WIN mimalloc 64 89 56960000 18.22 26.03 48.16 283.88
WIN mimalloc 64 90 57600000 16.94 23.44 45.56 101.56
WIN mimalloc 64 91 58240000 16.94 24.72 44.28 98.97
WIN mimalloc 64 92 58880000 16.94 23.44 45.59 104.16
WIN mimalloc 64 93 59520000 19.53 31.25 50.78 332.03
WIN mimalloc 64 94 60160000 16.94 24.75 48.19 246.09
WIN mimalloc 64 95 60800000 16.94 23.44 44.28 205.72
WIN mimalloc 64 96 61440000 18.25 28.66 53.38 372.41
WIN mimalloc 64 97 62080000 16.94 23.44 46.88 296.88
WIN mimalloc 64 98 62720000 16.91 22.16 46.88 585.94
WIN mimalloc 64 99 63360000 19.53 31.25 50.78 643.25
